41 39 39 39 39 39 42 42 41 41 41 41 44 44 49 49 
49 49 49 49 41 41 46 46 46 46 44 44 44 44 51 51
51 51 49 51 51 51 41 42 42 42 44 44 44 44 53 53
53 53 51 51 51 51 49 49 49 49 51 51 49 49 53 53
51 51 53 53 51 51 51 51 51 51 44 44 49 49 49 49
49 49 49 49 49 49 49 49 49 49 48 48 44 44 44 44
48 48 49 49 51 51 49 49 49 49 44 44 37 37 49 49 
49 49 49 49 49 49 49 49 49 49 48 48 46 46 44 44
51 51 53 53 54 54 53 53 53 53 44 44 49 49 49 49
49 49 49 49 49 49 49 49 49 49 48 48 44 44 44 44
51 51 49 49 48 48 49 49 49 49 49 49 49 49 49 49
49 49 53 53 49 49 49 49 49 49 48 48 51 51 49 49

G G C C
Am Am F F
G G C C 
Am Am F F
G G G G
Am Am F F 
G G C C
Am Am F F
G G C C 
Am Am F F
G G Am Am
F F G G

