34 34 34 34 34 34 32 32 34 34 36 36 37 37 37 37
30 30 30 30 30 30 37 37 37 37 37 37 0 0 37 37
39 39 39 39 39 39 39 39 36 36 36 36 36 36 32 32
34 34 34 34 34 34 34 34 34 34 34 34 0 0 0 0 
0 0 0 0 0 0 0 0 0 0 0 0 0 0 0 34 34
37 37 37 37 37 37 36 36 34 34 34 34 34 34 41 41 
41 41 39 39 39 39 39 39 39 39 39 39 0 0 37 37
39 39 39 39 0 0 0 0 39 39 39 39 37 37 37 37 
39 39 37 37 34 34 34 34 34 34 34 34 0 0 0 0 
41 41 41 39 41 41 39 39 37 37 37 37 36 36 36 36 
39 39 37 37 39 39 37 37 36 36 36 36 34 34 34 34
37 37 37 37 36 36 36 36 37 37 37 37 0 0 37 37 
0 0 0 0 39 39 41 41 39 39 39 39 39 39 32 32
32 32 34 34 34 34 34 34 34 34 34 34 34 34 34 34

Am Am Am Am
Dm7 Dm7 Dm7 Dm7
G G G G
Asus4  A A Am
Am Am Am Am
Dm7 Dm7 Dm7 Dm7
G G G G
Am Am Am Am
Am Am Am Am
Dm7 Dm7 Dm7 Dm7
F F F F
G G G G
G G G G
Am Am Am Am
Am Am Am Am

