0 0 0 0 0 0 0 0 0 0 0 0 44 44 44 44
51 51 51 51 51 51 49 49 51 51 49 49 51 51 49 49
51 51 51 51 49 49 49 49 49 49 49 49 44 44 44 44
51 51 51 51 51 51 49 49 51 51 49 49 51 51 49 49
51 51 51 51 56 56 49 49 49 49 49 49 53 53 53 53
56 56 54 54 54 54 53 53 53 53 49 49 49 49 49 49
56 56 54 54 54 54 53 53 53 53 49 49 49 49 49 49
49 49 49 49 49 49 49 49 49 49 49 49 44 44 49 49
49 49 49 49 49 49 49 49 49 49 49 49 49 49 49 49
0 0 0 0 0 0 0 0 0 0 0 0 53 53 54 54
56 56 53 53 53 53 56 56 56 56 56 56 56 56 56 56
56 56 53 53 53 53 51 51 51 51 51 51 49 49 49 49
61 61 60 60 58 58 60 60 58 58 56 56 56 56 53 53
58 58 56 56 53 53 56 56 56 56 56 56 56 56 56 56
56 56 54 54 53 53 54 54 54 54 54 54 54 54 54 54
53 53 53 53 51 51 49 49 49 49 49 49 46 46 49 49
51 51 51 51 51 51 53 53 51 51 53 53 51 51 51 51
46 46 51 51 51 51 51 51 0 0 53 53 53 53 54 54

Cadd9 Cadd9 Cadd9 Cadd9 
Cadd9 Cadd9 Cadd9 Cadd9
Am7 Am7 Am7 Am7
Dm7 Dm7 Dm7 Dm7
Dm7 Dm7 Dm7 Dm7
Fm Fm Fm Fm 
Cadd9 Cadd9 Cadd9 Cadd9
Cadd9 Cadd9 Cadd9 Cadd9
Am7 Am7 Am7 Am7
Em7 Em7 Em7 Em7
Am7 Am7 Am7 Am7
Dm7 Dm7 Dm7 Dm7
Fm Fm Fm Fm 
Cadd9 Cadd9 Cadd9 Cadd9
C C C C
Cadd9 Cadd9 Cadd9 Cadd9
G9 G9 G9 G9
Am7 Am7 Am7 Am7
Em7 Em7 Em7 Em7
F F F F
C B/G Am7 Am7
Dm7 Dm7 Dm7 Dm7
Gsus4 Gsus4 Gsus4 Gsus4
