0 0 41 41 41 41 41 41
41 41 39 39 39 39 39 39 0 0 41 41 42 42 44 44
44 44 44 39 39 39 39 39 0 0 39 39 39 39 39 39
39 39 37 37 41 41 41 41 0 0 41 41 44 44 46 46 
46 46 46 41 41 41 41 41 0 0 41 41 41 41 41 41
0 0 0 0 0 0 37 37 37 37 41 41 45 45 46 46 
46 46 46 46 0 0 46 46 46 46 44 44 46 46 44 44
44 44 44 39 39 39 39 39 39 39 37 37 39 39 41 41
41 41 41 41 0 0 41 41 41 41 39 39 41 41 39 39
39 39 39 37 37 37 37 37 37 37 39 39 41 41 42 42

Dm Dm Dm Dm
G7 G7 G7 G7
Cadd9 Cadd9 Cadd9 Cadd9 
Am Am Am Am 
Dm Dm Dm Dm 
G7 G7 G7 G7
Cadd9 Cadd9 Cadd9 Cadd9
Am Am E E
F F F F
G G G G
