51 51 51 51 51 51 51 51 51 51 51 51 41 41 42 42 
44 44 44 44 44 44 44 44 44 44 44 44 46 46 48 51
51 51 49 49 49 49 49 49 49 49 48 48 51 51 46 46
46 46 44 44 44 44 51 51 51 51 49 49 53 53 53 53
53 53 53 35 0 0 0 0 49 49 51 51 53 53 53 53 
53 53 53 53 54 54 53 53 53 53 51 51 53 53 51 53
49 49 49 49 0 0 0 0 46 46 48 48 49 49 51 51 
51 51 49 49 49 49 58 58 0 0 53 53 53 53 51 51 
51 51 51 51 51 51 51 51 41 41 44 44 49 49 51 53 
53 53 53 53 53 53 54 51 51 51 51 51 51 51 51 51
51 51 51 51 56 56 48 48 49 49 49 49 49 49 49 49
53 53 54 54 56 56 49 49 49 49 49 49 51 51 53 53 

Gsus4 Gsus4 G G
C C G/B G/B
Am7 Am7 Am7/B Am7/B
F F Gsus4 Gsus4
C C C C 
Em Em G/B G/B
Am7 Am7 Am7/B Am7/B
Dm7 Dm7 Dm7 Dm7
D7sus4/G D7sus4/G G G
F F Gsus2 Gsus2
Em7 Em7 Am7 Am7
Dm7 Dm7 Dm/G Dm/G