0 0 0 32 32 44 44 41 41 39 39 39 0 0 0 0 
0 0 0 32 32 44 44 41 39 39 41 41 0 0 0 0 
0 0 42 42 42 41 41 37 41 39 39 39 37 34 34 41
0 39 39 37 34 32 32 39 39 39 37 37
39 39 37 37 0 0 0 0 0 0 44 44 44 46 49 53
53 53 44 44 44 46 49 51 51 51 51 51 0 51 53 51
51 49 49 49 49 56 51 53 53 53 53 53 53 51 51 53
51 49 49 51 51 49 49 58 58 56 53 51 49 46 46 53
53 51 49 49 49 46 49 51 51 51 44 44 44 46 49 53

C C C/G C/G
Am7 Am7 C/G C/G
Fsus2 Fsus2 C/E C/E
Dm7 Dm7 G7sus4 G7sus4
C C G7sus4 G7sus4
C C Gadd9/B Gadd9/B
Am7 Am7 Em/G Em/G
Fmaj7sus2 Fmaj7sus2 Em7 Am7
Dm7 Dm7 G7sus4 G7sus4