32 32 32 32 34 34 37 37 37 37 41 41 41 41 39 39
39 39 39 39 41 41 39 39 39 39 37 37 37 37 37 37
34 34 34 34 37 37 39 39 39 39 37 37 37 37 32 32
32 32 32 32 32 32 32 32 32 32 32 32 32 32 32 32
32 32 32 32 34 34 37 37 41 41 41 41 41 41 41 41
41 41 37 37 37 37 46 46 46 46 44 44 44 44 44 44
44 44 44 44 42 42 42 42 42 42 41 41 41 41 37 37
37 37 39 39 39 39 39 39 39 39 39 39 0 0 0 0
42 42 42 42 41 41 37 37 37 37 41 41 41 41 41 41
44 44 44 44 41 41 39 39 37 37 39 39 39 39 39 39
44 44 44 44 41 41 37 37 37 37 39 39 39 39 37 37
34 34 34 34 34 34 34 34 34 34 34 34 34 34 34 34
37 37 37 37 34 34 32 32 32 32 41 41 41 41 41 41
39 39 39 39 39 39 39 39 39 39 39 39 39 39 39 39
41 41 41 41 39 39 37 37 37 37 39 39 39 39 37 37
37 37 37 37 37 37 37 37 0 0 0 0 44 44 44 44 
41 41 41 41 39 39 41 41 41 41 37 37 37 37 39 39
39 39 39 39 39 39 39 39 0 0 0 0 44 44 44 44
41 41 41 41 39 39 41 41 41 41 34 34 34 34 37 37
37 37 37 37 37 37 37 37 37 37 37 37 0 0 0 0
32 32 32 32 34 34 37 37 37 37 41 41 41 41 39 39
39 39 39 39 39 39 39 39 39 39 39 39 0 0 0 0
41 41 41 41 39 39 37 37 37 37 39 39 39 39 37 37

C C C C
Em7/B Em7/B Em7/B Em7/B
Am Am Am Am
C C C C 
Am Am Am Am
F F F F
G G G G 