34 34 37 37 37 37 39 39 39 39 41 41 41 41 44 46
44 44 44 44 44 44 41 41 39 39 39 39 0 0 0 0
34 34 37 37 37 37 39 39 39 39 41 41 41 41 41 41
36 36 36 32 32 32 32 32 0 0 0 0 0 0 0 0
49 49 49 49 49 49 48 48 41 41 41 41 39 39 39 39
37 37 37 37 37 37 39 39 41 41 41 41 41 41 39 39
37 37 37 37 46 46 49 49 48 48 46 46 44 44 39 39
41 41 41 41 0 0 0 0 0 0 0 0 0 0 0 0

Fmaj7 Fmaj7 Fmaj7 Fmaj7
Em7 Em7 Em7 Em7
Fmaj7 Fmaj7 Fmaj7 Fmaj7
Cmaj7 Cmaj7 Cmaj7 Cmaj7

Fmaj7 Fmaj7 G G
Am Am Am Am
Fmaj7 Fmaj7 G G
Cmaj7 Cmaj7 Cmaj7 Cmaj7
