39 39 39 41 41 41 37 37 44 44 44 44 44 44 41 41
39 39 39 41 41 41 41 36 37 37 37 37 0 0 0 0
39 39 39 41 41 41 37 37 44 44 44 41 41 41 41 41
39 39 39 39 39 39 37 37 36 36 36 36 37 37 37 37
39 39 39 41 41 41 37 37 44 44 44 44 0 46 46 48
49 49 49 48 48 48 46 46 41 41 41 41 37 37 37 37
46 46 46 46 46 46 44 46 44 44 37 37 37 41 39 39
39 39 39 39 39 39 36 36 37 37 36 37 37 37 39 39

C9 C9 G G
Em7 Em7 Am Am
Fmaj7 Fmaj7 Em Em
Dm7 Dm7 Gsus4 Gsus4
C9 C9 G G
Em7 Em7 Am Am
Fmaj7 Fmaj7 Em Em
Dm7 Dm7 Gsus4 Gsus4

