37 37 44 44 44 44 41 41 44 44 44 44 0 0 0 0 
36 36 44 44 44 44 41 41 44 44 44 44 41 41 44 44 
46 46 46 46 46 46 44 44 37 37 37 37 44 44 41 41 
41 41 41 41 41 41 41 41 0 0 0 0 39 39 41 41 
34 34 34 34 34 34 37 37 36 36 36 36 46 46 46 46
44 44 44 44 39 39 41 41 37 37 37 37 39 39 41 41
42 42 42 42 41 41 39 39 37 37 37 37 37 37 37 37
0 0 0 0 0 0 0 0 36 36 36 36 39 39 37 37
37 37 37 37 37 37 37 37 0 0 0 0 0 0 0 0 
0 0 0 0 0 0 0 0 0 0 0 0 41 41 39 39
39 39 37 37 37 37 37 37 39 39 37 37 39 39 37 37 
39 39 44 44 46 46 44 44 44 44 44 44 0 0 41 41
49 49 49 49 49 49 48 48 48 48 46 46 46 46 44 44
41 41 44 44 46 46 44 44 44 44 44 44 0 0 44 44

C C Em Em
F-t F-t G G
C C C C
F-t F-t G G
Em Em Am Am
Fadd9 Fadd9 Fadd9 Fadd9
Gadd11 Gadd11 Gadd11 Gadd11
C C C C
C C C C
G G G G
Am Am Am Am
Em Em Em Em