0 0 0 0 53 53 51 51 51 51 49 49 49 49 51 51
49 46 46 46 46 46 46 46 46 46 49 49 44 46 44 44
0 0 44 44 44 44 49 49 49 49 49 49 51 51 51 51 
51 48 46 44 44 44 44 44 0 0 0 0 0 0 0 0 
46 46 49 49 49 49 49 49 49 49 49 49 44 44 44 44
51 51 51 51 53 53 49 49 49 46 44 44 0 0 0 0 
46 46 49 49 49 49 49 49 49 49 49 49 44 44 44 44
51 51 51 51 53 53 49 49 49 49 49 49 49 49 49 49
46 46 49 49 49 49 49 49 49 49 49 49 0 0 44 44
51 51 51 51 49 49 53 53 53 53 49 49 49 49 49 49 
49 49 49 49 49 49 49 49 49 49 49 49 49 49 49 49
0 0 0 0 0 0 51 51 53 53 54 54 56 56 49 49
58 58 58 58 56 56 56 56 56 56 54 54 54 54 53 53
51 51 51 51 51 51 56 56 51 51 53 53 54 54 44 44 
56 56 56 56 54 54 53 53 53 53 51 51 51 51 51 51 
49 49 49 49 49 49 44 44 49 49 51 51 53 53 49 49
54 54 54 54 53 53 51 49 49 49 49 49 49 49 49 49
49 49 49 49 48 48 49 49 49 49 51 51 51 51 51 51 
54 54 54 54 53 53 53 53 53 53 51 51 53 53 53 53 

C C C C 
F F F F
C C C C
G G Gsus4 Gsus4
C C C C
F F F F
C C C C
G G Gsus4 Gsus4
F F F F 
G G Gsus4 Gsus4
F F F F 
Gsus4 Gsus4 G G 
F F F F 
G G G G 
C C C C
C7 C7 C C 
F F F F
G G G G
Em Em Em Em
Am Am Am Am
F F F F
G G G G 
C C C C