0 0 0 0 0 0 0 0 0 0 0 0 41 41 44 44
37 37 37 37 41 41 41 41 41 41 41 41 39 39 39 39
41 41 41 41 44 44 41 41 41 41 41 41 41 41 44 44
46 46 46 46 46 46 46 46 46 46 46 46 48 48 48 48
44 44 41 41 41 41 41 41 41 41 41 41 41 41 39 39
51 51 51 51 51 51 51 51 0 0 44 44 44 44 44 44
53 53 53 53 53 53 53 53 53 53 53 53 53 53 53 53
53 53 51 51 51 51 51 51 51 51 51 51 49 49 48 48
49 49 49 49 49 49 49 49 49 49 51 51 51 51 49 49
41 41 41 41 44 44 44 44 44 44 44 44 44 44 44 44
46 46 46 46 49 49 49 49 49 49 49 49 49 49 49 49
51 51 49 49 46 46 49 49 49 49 49 49 49 49 49 49
51 51 51 51 51 51 51 51 51 51 51 51 49 49 49 49
53 53 53 53 49 49 44 44 44 44 44 44 44 44 44 44

G G G G
C C C C
Em Em Em Em
Am7 Am7 Am7 Am7
Em Em Em Em
G G G G
C C C C
G G G G
Am7 Am7 Am7 Am7
Em Em Em Em 
Fadd9 Fadd9 Fadd9 Fadd9
C C C C
Fadd9 Fadd9 Fadd9 Fadd9
G G G G

