00 00 00 00 00 00 00 00 00 00 00 00 00 00 32 32
41 41 41 41 41 41 37 37 39 39 37 37 36 36 36 36
39 39 39 39 39 39 39 39 39 39 39 39 00 00 39 39
42 42 42 42 42 42 41 41 42 42 41 41 42 44 44 44
44 44 39 39 39 39 39 39 00 00 37 37 36 36 37 37
46 46 46 46 46 46 48 51 51 51 49 49 48 46 46 46
44 44 44 44 44 46 46 46 41 41 37 37 36 36 37 37
44 44 44 44 44 44 44 44 44 44 42 42 34 34 36 36
37 37 37 37 37 37 37 37 37 37 37 37 00 00 32 32
41 41 41 41 41 41 37 37 39 39 37 37 36 36 36 36
37 37 37 37 37 37 37 37 37 37 37 37 00 00 37 37
42 42 42 42 42 42 41 41 42 42 41 41 42 44 44 44
44 44 39 39 39 39 39 39 00 00 37 37 36 36 37 37
46 46 46 46 46 46 48 51 51 51 49 49 48 46 46 46
44 44 44 44 44 46 46 46 41 41 37 37 36 36 37 37
44 44 44 44 44 44 44 44 44 44 42 42 34 34 36 36
37 37 37 37 37 37 37 37 37 37 37 37 46 46 48 48
49 49 49 49 53 53 53 53 51 51 51 51 49 49 51 51
44 44 44 44 51 51 51 51 49 49 49 49 46 46 48 48
49 49 49 49 53 53 53 53 51 51 51 51 49 49 49 49
53 53 53 53 53 53 53 53 53 53 53 53 46 46 48 48
49 49 49 49 53 53 53 53 51 51 51 51 56 56 51 51
54 54 53 53 51 51 53 51 49 49 49 49 46 46 48 48
49 49 49 49 53 53 53 53 51 51 51 51 49 49 49 49

Fm Fm G G
C C Em7/B Em7/B
Am7 Am7 Am7/G Am7/G
F F Am7/E Am7/E
Dm7 Dm7 G G
F F G F 
Em Em Am7 Am7
Dm7 Dm7 G G
Csus4 Csus4 C C
C C G G
Am7 Am7 Am7/G Am7/G
F F Am7/E Am7/E
Dm7 Dm7 G G
F F G G
Em Em Am7 Am7
Dm7 Dm7 G G
C C C C
F F G G
Em Em Am Am
Dm7 Dm7 G G
C C C7 C7
F F G G
Em Em Am Am
Dm7 Dm7 G G