41 41 41 41 41 41 41 41 42 42 41 41 39 39 41 41
39 39 39 39 39 39 37 37 00 00 00 00 00 00 37 37
42 42 42 42 42 42 42 41 39 39 39 37 37 37 39 39
41 41 41 41 41 41 41 41 41 41 41 41 00 00 37 37
44 44 44 44 44 44 44 44 44 44 44 44 46 46 44 44
42 42 42 42 42 42 34 37 37 37 37 37 32 32 32 32
41 41 41 41 41 41 41 41 42 42 41 39 39 39 41 41
37 37 37 37 37 37 37 37 37 37 37 37 37 37 37 37
00 00 00 00 00 00 00 00 00 00 00 00 00 00 32 32
37 37 32 32 37 37 32 32 37 37 39 39 41 41 42 42
42 42 44 44 44 44 44 44 00 00 37 37 49 49 48 48
48 48 48 48 48 48 49 49 48 48 48 46 46 46 46 48
44 44 44 44 44 44 44 44 00 00 37 37 42 42 44 44
46 46 46 46 46 46 46 46 48 48 49 49 51 53 53 53
53 44 44 44 44 44 44 44 00 00 32 32 37 37 44 44
42 42 42 42 42 42 44 44 42 42 41 41 39 37 37 37
39 39 39 39 39 39 39 39 00 00 00 00 00 00 32 32

C C C C
Am7 Am7 Am7 Am7
Am/D Am/D G G
C C C C
Em7 Em7 Em7 Em7
F F F F
C C G G
C C C C
Gsus4 Gsus4 G G
C C C C
Em7 Em7 Em7 Em7
F F G G
C C C C
Fmaj7 Fmaj7 G G
Em/B Em/B Em Em
Fmaj7 Fmaj7 Fmaj7 Fmaj7
Gsus4 Gsus4 G G