61 61 61 61 61 61 61 61 00 00 41 41 41 41 44 44
46 46 44 44 46 46 49 49 48 48 46 46 44 44 44 46
46 46 41 41 41 41 41 41 00 00 41 41 41 41 44 44
46 46 44 44 46 46 49 49 48 48 46 46 46 46 41 41
41 41 39 39 39 39 39 39 00 00 46 46 51 51 51 46
51 51 51 51 51 51 51 51 00 00 46 46 51 51 51 46
48 48 48 48 41 41 41 41 00 00 39 39 41 41 39 39
44 44 44 44 00 00 39 39 44 44 46 46 48 48 49 49

44 46 46 46 46 46 46 46 46 46 00 00 56 56 53 53
51 51 51 51 00 00 51 51 51 51 53 53 49 49 51 51
53 53 53 53 53 53 53 53 53 53 00 00 56 56 53 53
51 51 51 51 00 00 51 51 51 51 44 44 53 53 53 54
54 53 53 53 53 53 53 53 53 53 53 53 53 53 53 53
60 60 60 60 60 60 53 51 51 51 51 51 49 49 48 48
49 49 51 51 53 53 58 58 58 58 58 58 46 46 49 49
53 53 51 51 46 46 49 49 48 48 48 48 44 44 44 44

Am7 Am7 Am7 Am7
Am7 Am7 Am7/G Am7/G
Fmaj7 Fmaj7 Fmaj7 Fmaj7
Am7 Am7 Am7/G Am7/G
Fm7/5- Fm7/5- Fm7/5- Fm7/5-
Dm7 Dm7 Dm7 Dm7 Dm7
Am7 Am7 Am7 Am7
D/#F D/#F D/#F D/#F

Am Am Am Am
Dm7 Dm7 E7 E7
Am Am Am Am
Dm7 Dm7 G G
Cmaj7 Cmaj7 Cmaj7 Cmaj7
Bm7/5 Bm7/5 E E
Am Am7/G D/#F D/#F
Dm Dm Em Em