00 32 41 39 41 39 41 44 00 39 41 39 41 39 41 44
00 39 41 39 41 48 48 44 44 44 44 44 42 42 41 41
37 39 37 37 37 44 44 44 44 39 41 37 37 37 37 44
44 44 44 46 46 46 39 39 39 39 39 39 00 00 00 00
00 32 41 39 41 39 41 44 00 39 41 39 41 39 41 44
48 48 49 48 44 41 41 41 44 44 44 44 44 44 46 49
51 51 49 46 46 46 46 46 46 44 44 44 41 39 37 37
39 39 39 39 41 41 41 41 42 42 42 42 44 44 44 44
46 46 46 46 53 53 51 51 51 51 51 51 00 00 00 44
48 48 48 44 41 39 41 41 41 41 41 41 41 44 46 46
37 37 37 37 41 44 46 46 44 44 44 44 41 39 37 37
41 41 41 41 41 41 41 41 00 00 00 00 00 00 00 00
46 46 46 46 53 53 51 53 51 51 51 51 00 48 48 46
48 44 44 44 41 44 46 46 46 46 46 46 41 44 46 46
37 37 37 37 41 44 46 46 37 37 37 37 46 44 41 41
37 37 37 37 37 37 37 37 00 00 00 00 00 00 00 00

C C G G
Em Em Dm Dm
C C F F
Dm Dm G G
C C G G
Em Em Dm Dm
C C F F
Dm Dm G G
F F G G
Em Am F F
G G C C
C C C C
F F G G
Em Am F F
G G C C
C C C C