00 00 00 00 00 00 00 00 00 00 00 00 00 00 00 32
32 32 37 37 37 41 41 41 41 44 44 44 44 32 32 32
39 39 37 37 36 37 37 34 34 34 34 34 00 00 00 00
00 00 00 00 00 00 00 39 39 39 41 41 41 42 34 34
51 51 49 49 39 39 42 41 42 42 42 42 42 42 42 42
00 00 00 46 46 46 44 46 46 48 48 49 49 46 46 46
00 00 00 45 46 41 41 41 48 48 49 49 46 46 46 53
54 54 53 54 54 53 53 49 49 49 49 49 49 49 46 46

00 00 00 00 00 00 00 00 00 00 00 00 00 44 44 56
56 56 53 56 56 53 53 51 51 51 51 51 00 44 44 56
53 53 51 53 53 56 56 56 56 61 61 60 60 56 56 51
53 53 51 51 53 53 51 53 53 49 49 49 00 49 58 56
58 58 58 58 00 44 56 54 56 56 56 56 00 44 54 53
54 54 54 53 54 54 54 53 54 54 53 51 00 44 44 56

Dm7 Dm7 G G
C C C/E C/E
Dm7/F Dm7/F Dm7/F Dm7/F
Dm7 Dm7 Dm7 Dm7
E7 A7add13 A7 A7
Dm7 Dm7 Dm7 Dm7
E E7 Am7 Am7/G
Dm7 Dm7 Dm7 Dm7

G(3) G(3) G(3) G(3)
bB6 bB6 G(3) G(3)
C C G/B G/B
Am Am Am7/G Am7/G
F F C/E C/E
Dm7 Dm7 Gsus4add9 Gsus4add9