00 00 37 37 37 37 39 39 41 41 32 32 32 32 32 32
Csus2 Csus2 C C
00 00 34 34 37 37 39 39 42 42 41 41 41 41 41 41
Asus2 Asus2 AmGsus4 AmGsus4
00 00 37 37 37 37 39 39 41 41 32 32 32 34 37 37
Fsus2 Fsus2 Fsus2 Fsus2
37 37 39 39 39 39 39 39 42 42 41 41 41 41 41 41
G G G G
00 00 44 44 44 44 44 44 36 36 36 36 36 36 36 36
Csus2 Csus2 Em7/B Em7/B
00 00 37 37 37 37 39 39 42 42 41 41 41 41 41 41
Am Asus2 Gsus4 Gsus4
00 00 37 37 37 37 44 44 44 44 32 32 41 44 44 32
Fsus2 Fsus2 G G
32 32 37 37 37 37 37 37 37 37 37 37 00 00 00 00
Csus2 C Cmaj7 C
00 00 37 37 37 37 39 39 41 41 32 32 32 32 32 32
Csus2 Csus2 C C
00 00 34 34 37 37 39 39 42 42 41 41 41 41 41 41
Asus2 Asus2 AmGsus4 AmGsus4

49 46 46 49 49 49 49 46 49 49 49 49 53 53 53 48
C C C C
48 46 46 48 48 48 46 46 46 48 49 46 46 46 49 46
Em Em Em Em
49 49 49 46 49 49 49 46 53 53 53 53 56 56 56 56
Am Asus2 Am Am
48 48 48 48 48 49 49 49 51 51 51 51 51 51 00 46
G G G G