41 41 41 41 41 41 37 37 41 41 39 39 39 39 39 39
37 37 37 37 37 34 37 37 36 36 36 36 36 36 36 36
37 37 37 37 37 36 37 37 37 37 37 37 41 41 41 41
39 39 39 39 39 37 36 36 41 41 41 41 41 41 41 41
41 41 41 41 41 34 37 37 41 41 41 41 39 39 39 39
37 34 37 37 37 39 37 37 36 36 36 36 36 36 36 36
37 37 37 37 37 36 37 37 37 37 37 37 41 41 41 41
39 39 39 39 39 37 36 36 41 41 41 41 41 41 41 41
34 34 34 34 37 37 37 37 37 36 34 34 39 39 39 39
41 41 41 41 41 39 37 37 41 39 37 37 39 39 39 39
34 34 34 34 37 37 37 37 37 36 34 34 39 39 39 39
41 41 41 41 41 44 46 46 46 46 46 46 44 44 44 44
44 44 44 44 44 42 41 41 48 48 48 48 48 46 48 48
49 49 37 37 37 39 41 41 41 41 41 41 41 44 41 41
39 39 37 37 00 44 37 37 39 39 37 37 37 37 37 37
39 39 39 39 39 37 34 34 41 41 41 41 39 39 39 39

Am Am G G
Fmaj7 Fmaj7 Em Em
Dm5 Dm5 C C
Bm7-5 Bm7-5 E E
Am Am G G
Fmaj7 Fmaj7 Em Em
Dm6 Dm6 C C
Bm7-5 Bm7-5 E7 E7
Am7 Am7 Am7 Am7
Am9 Am9 Am9 Am9
Am9/#F Am9/#F Am9/#F Am9/#F
Fmaj7 Fmaj7 G G
Em Em Am Am
Bm7-5 Bm7-5 Bm7-5 Bm7-5
E G F F
F F G G