46 46 46 46 44 44 44 44 44 44 44 44 44 44 44 44
44 44 41 41 41 41 41 41 00 00 00 00 00 00 41 41
46 46 46 46 46 46 46 46 48 48 44 44 44 44 41 41
41 41 41 41 00 00 00 00 00 00 00 00 00 00 41 41
49 49 49 49 49 49 48 49 48 48 48 48 48 48 48 48
48 48 46 46 46 46 46 46 46 46 46 46 00 00 46 46
41 41 41 41 41 41 41 41 41 41 41 41 41 41 37 39
39 39 37 37 37 37 37 37 00 00 00 00 00 00 00 00

41 41 39 39 41 41 41 41 39 39 39 39 39 37 34 34
44 44 41 41 41 41 41 41 41 41 41 41 00 00 00 00
41 41 39 39 41 41 41 41 39 39 39 39 39 37 37 37
39 39 37 37 37 37 34 34 34 34 34 34 00 00 00 00

Fmaj7 G
Am
Fmaj7 G
Am
Fmaj7 G
Am
Fmaj7 G
Am

F F G(3) G(3)
Am(5) Am(5) Am(5) Am(5)
F F G(3) G(3)
Am(5) Am(5) Am(5) Am(5)