00 00 37 36 37 37 36 36 37 37 36 36 32 32 29 29
32 32 32 32 36 36 36 36 34 34 34 34 34 34 34 34
00 00 37 36 37 37 36 36 37 37 36 36 37 37 41 41
41 41 41 41 41 41 41 41 41 41 41 41 00 34 37 34
37 37 37 37 00 00 41 41 39 39 39 39 00 32 36 32
36 36 36 36 39 39 39 37 37 37 37 37 37 37 37 37
41 41 41 39 39 39 37 37 39 39 39 37 37 37 33 33
32 32 32 32 32 37 36 34 32 32 32 32 32 32 32 32

39 39 39 39 39 39 39 39 39 39 39 39 00 32 34 37
00 00 41 41 41 41 39 37 41 39 37 41 41 39 37 37
37 37 37 34 37 39 41 41 41 41 41 41 41 32 34 37
37 37 37 34 37 39 41 41 41 32 32 32 32 32 34 37
37 37 37 34 37 39 41 41 41 41 39 39 37 37 39 39
00 00 41 41 41 41 39 37 41 39 37 41 41 39 37 37
37 37 37 34 37 39 41 41 41 41 41 41 41 32 34 37
37 37 37 34 37 39 41 41 41 32 32 32 32 32 34 37
37 37 37 34 37 39 41 41 41 41 39 39 37 37 39 39
37 37 37 37 37 37 37 37 37 37 37 37 37 37 37 37

C C C C
Em Em F F
C C C C
Em Em Em Em
Fmaj7 Fmaj7 G G
Em Em Am Am
F F Fm Fm
G G G G

G G G G
C C C C
Am Am Am Am
F F Em Em
F F G G
C C C C
Am Am Am Am
F F Em Em
F F G G
C C C C