00 00 00 00 00 00 00 00 00 00 32 32 42 42 41 41
41 41 41 41 41 41 41 41 41 41 41 41 41 41 41 41
00 00 37 37 39 39 41 44 00 00 37 37 37 37 36 36
36 36 34 34 34 34 34 34 00 00 00 00 00 00 00 00
00 00 41 41 42 42 41 41 42 42 41 41 42 42 34 34
34 34 39 39 00 00 42 41 42 42 41 41 42 42 34 34
34 34 39 39 00 00 37 37 39 39 37 37 39 39 37 37
39 39 39 39 41 41 41 41 00 00 00 00 00 00 00 00
00 00 00 00 00 00 00 00 00 00 32 32 42 42 41 41
41 41 41 41 41 41 41 41 41 41 41 41 41 41 41 41
00 00 37 37 39 39 41 44 00 00 37 37 37 37 37 37
36 36 34 34 34 34 34 34 00 00 00 00 00 00 00 00
00 00 00 00 41 41 41 41 42 42 41 41 42 42 34 34
34 34 39 39 00 00 42 41 42 42 41 41 42 42 34 34
34 34 39 39 00 00 32 32 41 41 39 39 41 41 39 39
39 39 37 37 37 37 37 37 00 00 00 00 00 00 00 00
00 00 00 00 00 00 44 44 44 44 42 42 41 41 42 42
44 44 44 44 34 34 34 34 34 34 36 36 37 37 36 36
00 00 00 00 00 00 44 44 44 44 42 42 41 41 42 42
44 44 36 36 36 36 36 36 36 36 37 37 39 39 37 37
00 00 00 00 00 00 41 41 42 42 41 41 42 42 41 41
42 42 42 42 34 34 34 34 34 34 30 30 37 37 36 36
00 00 00 00 00 00 37 37 39 39 37 37 39 39 37 37
39 39 37 37 39 39 37 37 39 39 37 37 39 39 42 42

Em7/B Em7/B Em7/B Em7/B
Cadd9 Cadd9 Cadd9 Cadd9
Cadd9 Cadd9 Cadd9 Cadd9
Am7 Am7 Am7 Am7
Am7 Am7 Am7 Am7
Dm7 Dm7 Dm7 Dm7
Gsus4 Gsus4 Gsus4 Gsus4
Cadd9 Cadd9 Cadd9 Cadd9
Cadd9 Cadd9 Cadd9 Cadd9
Cadd9 Cadd9 Cadd9 Cadd9
Cadd9 Cadd9 Cadd9 Cadd9
Am7 Am7 Am7 Am7
Am7 Am7 Am7 Am7
Dm7 Dm7 Dm7 Dm7
Gsus4 Gsus4 Gsus4 Gsus4
Cadd9 Cadd9 Cadd9 Cadd9
C7 C7 C7 C7
Fmaj Fmaj7 Fmaj7 Fmaj7
Gsus4 Gsus4 Gsus4 Gsus4
Em7 Em7 Em7 Em7
Am7 Am7 Am7 Am7
Dm7 Dm7 Dm7 Dm7
Gsus4 Gsus4 Gsus4 Gsus4
Cadd9 Cadd9 Cadd9 Cadd9