41 41 44 44 44 44 44 44 00 00 00 00 41 44 49 49
48 48 49 49 49 46 46 44 44 44 44 44 00 00 00 00
41 41 44 44 44 44 44 44 00 00 00 00 41 44 49 49
48 48 49 51 51 46 46 44 44 44 44 44 00 00 00 44
46 46 53 53 53 53 46 51 51 51 515 1 00 00 00 44
44 44 51 51 51 51 44 51 49 49 49 49 00 00 00 42
42 44 46 46 46 46 00 42 42 44 46 46 00 00 00 42
42 44 44 44 44 44 37 37 41 41 39 39 39 39 00 00

00 00 00 44 58 58 51 53
53 51 53 51 53 53 51 53 51 51 53 53 00 00 44 44
51 49 51 49 51 51 49 51 51 51 53 53 00 00 44 46
46 46 49 49 49 53 53 53 53 51 51 51 51 53 53 48

Cadd9 Cadd9 Cadd9 Cadd9
Gm7add11 Gm7add11 Gm7add11 Gm7add11
Cadd9 Cadd9 Cadd9 Cadd9
Gm7add11 Gm7add11 Gm7add11 Gm7add11
Fmaj7 Fmaj7 Fdim Fdim
Em7 Em7 Am7add11 Am7add11
Dm7 Dm7 Dm7 Dm7
Dm7/G Dm7/G G9- G9-

E7(5) E7(5)
Fmaj7 Fmaj7 add11+ add11+
Em7 Em7 Am7 Am7
Dm7 Dm7 E7 E7