44 46 46 44 46 46 00 39 39 41 41 41 41 41 00 44
44 46 46 44 49 46 46 39 39 41 44 41 41 41 00 44
44 46 46 44 46 46 00 39 39 41 41 41 41 00 44 44
44 44 37 37 39 39 39 39 39 39 39 39 00 00 00 00
44 46 46 44 46 46 00 39 39 41 41 41 41 41 00 44
44 46 46 44 49 46 46 39 39 41 44 41 41 41 00 44
44 46 46 44 46 46 00 39 39 41 41 41 41 41 44 44
44 42 42 41 42 41 39 39 00 44 42 41 42 41 39 37
41 41 41 41 41 41 41 41 41 41 00 00 00 00 49 51
53 51 53 51 53 56 53 53 53 51 53 56 53 53 49 51
51 51 51 51 51 51 49 51 51 51 51 51 00 46 46 48
49 48 49 48 49 56 51 51 51 00 49 48 48 46 46 46
46 44 46 44 46 49 49 53 53 53 53 53 49 49 51 51
53 51 53 51 53 56 53 53 53 51 53 56 53 53 49 51
51 51 51 51 51 51 49 51 51 51 51 51 00 46 46 48
49 48 49 48 49 56 51 51 51 51 51 51 49 49 49 49 
48 48 46 46 46 46 46 46 46 46 46 46 46 46 46 46

Fmaj7 Fmaj7 Cmaj7 Cmaj7
Fmaj7 Fmaj7 Cmaj7 Cmaj7
Fmaj7 Fmaj7 Cmaj7 Cmaj7
Dm7 Dm7 E E
Fmaj7 Fmaj7 Gmaj7 Gmaj7
Fmaj7 Fmaj7 Gmaj7 Gmaj7
Fmaj7 Fmaj7 Cmaj7 Cmaj7
Dm7 Dm7 Dm7 Dm7
E E E E
Fmaj7 Fmaj7 Fmaj7 Fmaj7
Em7 Em7 Em7 Em7
Dm7 Dm7 G G
A A A A
Fmaj7 Fmaj7 Fmaj7 Fmaj7
Em7 Em7 Em7 Em7
Dm7 Dm7 E E
Fmaj7 Fmaj7 Em7 Em7