00 00 00 00 00 00 00 00 00 00 00 00 00 00 37 39
41 39 41 44 44 41 41 41 41 39 41 44 00 41 41 41
41 39 41 44 44 41 41 34 34 34 34 34 00 00 37 39
41 39 41 44 44 41 41 41 41 39 41 48 48 44 44 41
41 39 41 44 44 41 41 46 34 34 34 34 00 49 49 48
46 46 53 53 53 49 49 51 51 51 51 51 51 49 48 51
41 51 51 51 48 48 49 49 49 49 49 49 00 00 00 41
42 42 41 39 39 39 34 34 44 44 44 44 00 00 00 41
42 42 41 42 42 42 46 46 48 48 48 48 48 48 48 48
00 00 00 00 00 00 00 00 00 00 00 00 53 51 49 48
46 46 42 46 46 53 53 53 53 51 51 51 51 49 48 46
46 44 44 44 44 44 41 51 51 49 49 49 00 00 00 49
49 49 48 49 49 42 42 42 49 49 48 46 46 46 44 41

G46 G46 G G
Cadd9 Cadd9 Em7 Em7
Fmaj7 Fmaj7 G G
Cadd9 Cadd9 Em7 Em7
Fmaj7 Fmaj7 Fmaj7 Fmaj7
Fmaj7 Fmaj7 G/F G/F
Em7 Em7 Am7 Am7
Dm7 Dm7 Em7 Em7
Fmaj7 G Am7 Am7
G/B G/B G/B G/B
Fmaj7 Fmaj7 G/F G/F
Em7 Em7 Am7 Am7
Dm7 Dm7 G46 G46