00 00 00 00 00 00 00 00 00 00 00 00 00 00 41 41
39 39 41 41 41 41 41 41 00 00 00 00 00 00 39 41
39 39 36 36 00 00 00 00 00 00 00 00 00 37 39 37
37 34 34 34 00 34 34 36 00 32 32 32 00 32 29 37
37 34 34 34 00 00 00 00 00 00 00 00 00 00 41 41
39 39 41 41 00 00 00 00 00 00 00 00 00 00 41 46
44 44 39 39 00 00 00 00 00 00 00 00 00 37 39 39
37 37 34 30 00 37 37 36 00 00 32 29 00 36 36 34
34 34 34 34 00 00 00 00 00 00 00 00 00 49 48 49
42 42 49 48 00 49 49 44 00 00 49 48 00 49 49 46
46 46 46 46 00 00 00 00 00 00 00 00 00 49 48 49
42 42 49 48 00 49 49 44 00 00 49 51 00 53 53 46

00 00 00 46 58 58 56 53 00 00 51 49 00 56 56 53
53 53 53 53 53 53 53 53 00 00 00 00 00 00 00 00
00 00 00 46 46 46 48 49 48 48 44 44 44 44 41 39
46 46 46 46 46 46 46 46 00 00 00 00 00 00 00 00

Amadd9 Amadd9 Amadd9 Amadd9
Amadd9 Amadd9 Amadd9 Amadd9
Gadd9 Gadd9 Gadd9 Gadd9
Dm/F Dm/F Gadd9 Gadd9
Amadd9 Amadd9 Amadd9 Amadd9
Amadd9 Amadd9 Amadd9 Amadd9
Gadd9 Gadd9 Gadd9 Gadd9
Dm/F Dm/F Gadd9 Gadd9
Amadd9 Amadd9 Amadd9 Amadd9
Dm/F Dm/F Gadd9 Gadd9
Amadd9 Amadd9 Amadd9 Amadd9
Dm/F Dm/F Gadd9 Gadd9

F7 F7 Gadd9 Gadd9
Am Am Am Am
F7 F7 Gadd9 Gadd9
Am Am Am Am