00 00 44 44 44 44 44 44 44 44 42 42 42 42 41 41
39 39 41 41 41 41 34 34 34 34 34 34 00 00 00 00
00 00 44 44 44 44 44 44 44 44 42 42 42 42 41 41
39 39 41 41 41 41 34 34 34 34 34 34 00 00 00 00
00 00 39 39 39 39 41 41 44 44 46 46 46 46 44 44
44 44 44 44 00 00 41 41 41 41 39 39 37 37 39 39

51 51 51 51 51 51 49 49 49 49 49 49 49 49 49 49
48 48 48 48 48 48 48 48 49 49 49 49 48 48 44 44
46 46 46 46 46 46 44 44 46 46 46 46 46 46 44 44
46 46 46 46 46 46 53 53 51 51 51 51 51 51 49 49
51 51 51 51 51 51 49 49 49 49 49 49 49 49 49 49
48 48 48 48 48 48 48 48 49 49 48 48 48 48 44 44
46 46 46 44 37 37 37 37 37 37 37 37 00 00 39 41
42 42 41 41 37 37 42 42 42 42 41 41 00 00 37 37
37 37 37 37 37 37 37 37 37 37 37 37 00 00 00 00

C9 C9 C9 C9
Fmaj7 Fmaj7 Fmaj7 Fmaj7
C9 C9 C9 C9
Fmaj7 Fmaj7 Fmaj7 Fmaj7
Dm7 Dm7 Dm7 Dm7
Em7 Em7 Em7 Em7

C C C C
G G C C
F F F F
Dm7 Dm7 G G
C C C C
G G C C
F F F F
Dm7 Dm7 G G
C9 C9 C9 C9