41 41 39 39 41 41 39 39 41 41 44 44 44 44 44 44
44 44 44 44 44 44 44 44 44 44 44 44 00 00 00 32
37 37 37 37 37 37 37 39 39 39 37 37 37 37 37 37
37 37 37 37 37 37 37 37 37 37 37 37 00 00 37 37
37 37 39 39 41 41 37 37 37 37 37 37 00 00 32 32
37 37 39 39 41 41 373 7 37 37 32 32 32 32 39 39
39 39 39 39 39 39 41 41 41 41 41 41 41 41 41 41
41 41 41 41 41 41 41 41 41 41 41 41 00 00 32 32

44 44 44 44 44 44 32 32 41 41 39 39 39 39 37 37
37 37 37 37 37 37 37 37 37 37 37 37 34 34 32 32
44 44 46 46 46 46 46 46 46 46 46 46 37 37 39 39
41 41 44 44 44 44 44 44 44 44 37 37 37 37 39 39

C C C C
C C C C
Fadd9 Fadd9 Fadd9 Fadd9
Fadd9 Fadd9 Fadd9 Fadd9
D7sus4 D7sus4 D7sus4 D7sus4
D7sus4 D7sus4 D7sus4 D7sus4
C C C C
C C C C

C C C C
Am Am Am Am
F F F F
C C C C