51 51 51 51 51 51 53 53 51 51 49 49 44 44 49 49
49 49 48 48 48 48 46 41 41 41 41 41 41 41 41 41
51 51 51 51 51 51 53 53 51 51 49 49 44 44 49 49
49 49 48 48 48 48 49 48 46 46 46 46 46 46 49 49
53 53 51 51 51 51 49 51 51 51 51 51 46 46 49 49
53 53 51 51 51 51 49 49 51 51 51 51 51 51 51 51
00 00 00 00 00 00 00 00 00 00 00 00 00 00 00 00
53 53 51 51 51 51 49 49 51 51 51 51 51 51 51 51
56 53 51 49 48 49 51 53 53 53 53 53 53 51 49 49
49 49 49 49 49 49 49 49 49 49 51 51 49 49 48 46
46 46 46 46 46 46 46 46 49 49 51 51 49 49 48 46
46 46 46 46 46 46 46 46 48 48 48 48 49 49 49 49
51 51 51 51 51 51 51 51 53 53 53 53 53 51 49 49

C C C C
Am Am Am Am
C C C C
Am Am Am Am
F F F F
G G G G
G G G G
G G G G
C C C C
C C C C
Am Am Am Am
F F F F
G G G G