41 41 41 41 44 44 46 46 46 46 41 41 39 39 37 37
39 39 37 39 39 39 44 44 41 41 41 41 41 41 37 37
41 41 41 41 44 44 46 46 46 46 41 41 39 39 37 37
39 39 37 39 39 39 44 41 41 41 41 41 41 41 41 39
37 37 48 37 37 37 49 49 48 48 49 44 44 44 37 37
46 46 44 44 44 44 42 42 41 41 41 41 41 41 41 39
37 37 48 37 37 37 49 49 48 48 46 44 44 44 37 37
46 46 46 46 46 46 41 44 44 44 44 44 44 44 44 44
41 41 41 41 44 44 46 46 46 46 41 41 39 39 37 37
39 39 37 39 39 39 44 41 41 41 41 41 41 41 37 37 
41 41 41 41 44 44 46 46 46 46 41 41 39 39 37 37
39 39 37 39 39 39 44 44 41 41 41 41 41 41 41 39
37 37 48 37 37 37 49 49 48 48 49 44 44 44 37 37
46 46 44 44 44 44 42 41 41 41 41 41 41 41 41 39
37 37 36 37 37 37 49 49 48 48 46 44 44 44 37 37
46 46 46 46 46 37 48 48 48 48 48 48 48 48 48 48
48 48 48 48 0   0   0   0   0   0   0   0   0   0   0   0 
41 41 44 44 51 51 49 49 49 49 51 51 53 53 46 46
46 46 46 46 46 46 46 46 46 46 46 46 0   0   0   0
39 39 46 46 54 54 53 53 53 53 51 51 49 49 48 48
48 48 48 48 48 48 48 48 48 48 48 48 0   0   0   0
44 44 48 48 51 51 56 56 56 56 56 56 48 48 49 49
49 49 49 49 49 49 49 49 49 49 51 51 53 53 53 53
53 53 53 53 51 51 49 49 49 49 46 46 46 46 46 44
44 44 44 44 44 44 44 44 44 44 44 44 0   0   0   0
41 41 44 44 51 51 49 49 49 49 51 51 53 53 46 46
46 46 46 46 46 46 46 46 46 46 46 46 0   0   0   0
39 39 46 46 54 54 53 53 53 53 51 51 49 49 48 48
48 48 48 48 48 48 48 48 48 48 48 48 0   0   0   0
48 48 49 49 51 51 56 56 56 56 54 54 53 53 58 58
58 58 49 49 49 49 49 49 49 49 49 49 53 53 58 58
46 46 46 46 51 51 49 49 49 49 49 49 48 48 49 49
49 49 49 49 49 49 49 49 49 49 49 49 0   0   0   0
0   0   0   0   0   0   0   0   0   0   0   0   53 53 46 46
46 46 46 46 51 51 49 49 49 49 49 49 48 48 49 49
49 49 49 49 49 49 49 49 49 49 49 49 0   0   0   0 




C C F F
G G C C
C C F F 
G G C C 
Am Am Em Em
F F C C 
Am Am Em Em
F F G G 
C C F F 
G G C C 
C C F F 
G G C C 
Am Am Em Em
F F C C 
Am Am Em Em
F F G G 
G G G G
C C C C
F F F F
Dm7 Dm7 Dm7 Dm7
G G G G
Em Em E E
Am Am Am Am
Dm Dm Dm Dm
G G G G
C C C C
F F F F 
Dm7 Dm7 Dm7 Dm7
G G G G
Em Em E E
Am Am Am Am
Dm Dm Dm Dm
G G G G
C C C C
Dm Dm G G
C C C C
