0   0   0   44 44 42 41 41 41 41 41 41 41 41 39 37
41 41 42 42 42 42 42 42 42 42 42 42 0   0   0   0  
0   0   0   42 42 41 41 39 39 39 39 39 39 39 39 37
39 39 41 41 41 41 41 41 41 41 41 41 0   0   0   0  
0   0   0   44 44 42 41 41 41 41 41 41 41 41 39 37
41 41 42 42 42 42 42 42 42 42 42 42 0   0   0   0
0   0   0   42 42 41 41 39 39 39 39 39 39 39 39 41
39 39 37 37 37 37 37 37 37 37 37 37 41 41 44 44
49 49 49 49 49 49 48 49 48 48 41 44 44 44 44 44
44 44 46 46 37 37 44 44 42 41 41 41 41 41 44 44
44 42 41 42 42 42 42 42 44 42 41 42 42 42 41 42
46 44 44 44 44 44 44 44 44 44 44 44 44 46 49 46
53 53 53 53 53 46 46 51 51 51 51 51 51 49 48 49
51 51 53 51 51 44 44 49 49 49 49 49 49 48 46 48
49 49 42 42 42 49 49 42 49 49 44 44 44 44 44 44
54 54 54 54 53 53 51 53 53 53 53 53 44 46 49 46
53 53 53 53 53 46 46 51 51 51 51 51 51 49 48 49
51 51 53 51 51 44 44 49 49 49 49 49 49 48 46 48
49 49 42 42 42 49 49 51 49 49 44 44 44 44 44 44
46 46 46 46 48 48 48 48 49 49 49 49 48 48 49 49




C C C C
Fmaj7* Fmaj7* Fmaj7* Fmaj7*
Dm7 Dm7 Dm7-5 Dm7-5
C C C C
C C C C
Fmaj7* Fmaj7* Fmaj7* Fmaj7*
Dm7 Dm7 Dm7-5 Dm7-5
C C G/B Am7
Am Am Em Em
F G C C
Dm7 Dm7 Dm7-5 Dm7-5
Gsus4 Gsus4 G G
F F G G
Em Em Am7 Am7
Dm7 Dm7 Am7/E Am7/E
Gm7 Gm7 C7<3> C7<3>
F F G G
Em Em Am7-5 Am7-5
Dm7 Dm7 Am7/E Am7/E
F F/#F G G