0   0   0   0   44 44 44 44 44 44 44 42 42 42 42 44
41 41 41 41 41 41 41 41 0   0   39 41 39 36 36 37
37 37 37 37 37 37 37 37 0   0   39 39 37 39 39 39
41 41 41 41 41 42 41 39 39 39 39 39 39 39 39 39
0   0   0   0   44 44 44 44 44 44 44 42 42 42 42 44
41 41 41 41 41 41 41 41 0   0   39 41 39 36 36 37
37 37 37 37 37 37 37 37 0   0   39 39 37 39 39 39
41 41 41 41 41 42 41 39 39 39 39 39 39 39 39 39
0   0   0   0   46 48 49 49 48 48 44 44 44 44 41 41
46 46 46 46 46 48 46 44 44 44 44 44 44 44 44 44
0   0   0   0   46 48 49 49 48 48 44 44 44 44 41 41
46 46 46 46 46 46 46 46 48 48 48 48 48 48 48 48
0   0   0   0   53 53 53 49 51 51 51 54 54 54 53 51
49 49 48 46 0   0   46 49 53 53 51 51 49 48 48 46
46 46 46 46 0   0   46 46 44 44 46 44 44 44 46 46
41 41 41 41 41 42 41 39 39 39 39 39 39 39 39 39
0   0   0   0   53 53 53 49 51 51 51 54 54 54 53 53
49 49 48 46 0   0   46 49 53 53 51 51 49 48 48 46
46 46 46 46 0   0   46 46 44 44 46 44 44 44 46 46
49 49 49 49 49 49 49 49 49 49 49 49 49 49 49 49
49 49 49 49 49 49 49 49 49 49 49 49 49 49 49 49




C C G G
Am Am Em Em
F F G G
C C G G
C C G G
Am Am Em Em
F F G G
C C G G
C C G G
Am Am Em Em
F F G G
C C G G
Am Am G G
F F G G 
Am Am G G
F F G G 
C C G G
Am Am Em Em
F F G G
C C G G
C C G G
Am Am Em Em
F F G G 
C C G G
C C C C