44 44 44 44 44 44 44 44 46 46 44 44
41 41 41 41 41 39 41 41 37 37 41 41
49 49 49 49 46 46 49 49 49 49 46 46
44 44 44 44 44 46 44 44 37 37 41 41
44 44 44 44 46 46 44 44 44 44 41 41
39 39 39 39 39 39 39 39 39 39 39 39
44 44 44 44 44 44 44 44 46 46 44 44
41 41 41 41 41 39 41 41 37 37 41 41
49 49 49 49 46 46 49 49 49 49 46 46
44 44 44 44 44 44 44 44 44 44 44 44
49 49 49 49 46 46 49 49 49 49 46 46
44 44 44 44 46 46 44 44 37 37 41 41
49 49 49 49 49 49 46 46 48 48 49 49
51 51 51 51 51 51 51 51 51 51 51 51
51 51 51 51 44 44 51 51 53 53 51 51
49 49 49 49 46 46 49 49 51 51 49 49
44 44 44 44 41 41 44 44 44 44 46 46
44 44 44 44 44 44 44 44 44 44 44 44
51 51 51 51 44 44 51 51 53 53 51 51
49 49 49 49 46 46 49 49 51 51 49 49
46 46 46 46 44 44 51 51 51 51 53 53
49 49 49 49 49 49 49 49 49 49 49 49




C C C
C C C
F F F
C C C
F F F
C C C
C C C
G G G
C C C
C C C
G G G
C C C
F F F
C C C
D7 D7 D7
G G G
G G G
F F F
C C C
C C C
G G G
F F F
G G G
C C C
