0   0   0   0   0   0   0   0   41 41 41 41 42 42 42 42
44 44 44 44 44 44 49 49 48 48 44 44 44 44 44 44
46 46 48 48 49 49 53 53 44 44 44 44 0   0   42 41
42 42 41 41 42 42 46 46 44 44 44 44 0   0   41 42
44 44 44 44 44 44 49 49 48 48 44 44 0   0   46 48
49 49 48 48 49 49 53 53 44 44 44 44 44 44 44 44
42 42 44 44 46 46 48 48 49 49 44 44 42 42 41 37
0   0   0   0   0   0   0   0   44 44 44 44 0   0   46 48
49 49 48 48 49 49 53 53 51 51 49 49 48 48 44 44
41 41 39 39 41 41 51 51 49 49 49 49 0   0   46 48
49 49 48 48 49 49 53 53 51 51 49 49 48 48 51 51
51 51 44 44 44 44 44 44 44 44 44 44 0   0   46 48
49 49 48 48 49 49 53 53 51 51 49 49 48 48 44 44
41 41 39 39 41 41 51 51 49 49 49 49 0   0   42 41
42 42 41 41 42 42 41 41 42 42 41 41 42 42 53 53
53 53 51 51 51 51 51 51 51 51 51 51 49 49 51 51
53 53 53 53 53 53 58 58 56 56 56 56 53 53 51 51
49 49 49 49 49 49 51 51 44 44 44 44 0   0   41 41
42 41 42 41 42 42 51 51 49 49 49 49 42 42 41 41
42 41 42 41 42 42 53 53 51 51 51 51 49 49 51 51
49 49 49 49 49 49 49 49 49 49 49 49 49 49 51 51
49 49 49 49 49 49 49 49 49 49 49 49 49 49 51 51
49 49 49 49 49 49 49 49 49 49 49 49 49 49 49 49




C C Em7 Em7
Fmaj7 G C C
Fmaj7 Fmaj7 Em7 Em7
Dm7 Dm7 Gsus4 Gsus4
C C Em7 Em7
Fmaj7 G Am Am
Fmaj7 Fmaj7 Em7 Em7
Dm7 Dm7 Gsus4 Gsus4
Fmaj7 Fmaj7 Gsus4 Gsus4
Em7 Em7 Am Am
Dm7 Dm7 Gsus4 Gsus4
C C C C 
Fmaj7 Fmaj7 G G
Em7 Em7 Am Am
Dm7 Dm7 Dm7 Dm7
Gsus4 Gsus4 Gsus4 Gsus4
G G Em7/B Em7/B
Am7 Am7 Am7/G Am7/G
Fmaj7 Fmaj7 Em7 Em7
Dm7 Dm7 Gsus4 Gsus4
C C Em7/B Em7/B
Am7 Am7 C7/G C7/G
Fmaj7 Fmaj7 Em7 Em7
Dm7 Dm7 Gsus4 Gsus4
C C Em7/B Em7/B
Cadd13+5 Cadd13+5 Cadd13+5  Cadd13+5
Cadd13+5 Cadd13+5 Cadd13+5  Cadd13+5
C C C C
