0   0   0   0   0   0   0   0   0   0   0   0   0   0   41 41
46 46 46 46 46 46 46 46 0   0   0   0   0   0   0   0  
0   0   46 46 46 46 46 46 46 46 48 48 49 49 51 51 
53 53 53 53 53 53 53 53 0   0   0   0   49 49 49 49
48 48 48 48 48 48 48 48 0   0   48 48 46 46 44 44
46 46 46 46 0   0   0   0   0   0   46 46 46 46 46 46
44 44 44 44 0   0   0   0   0   0   44 44 44 44 46 46
48 48 48 48 49 49 46 46 0   0   0   0   46 46 46 46
44 44 44 44 0   0   0   0   48 48 48 48 48 48 48 48  
48 48 46 46 46 46 46 46 0   0   0   0   53 53 53 53
51 51 51 51 51 51 51 51 0   0   51 51 51 51 53 53
54 54 54 54 54 54 54 54 0   0   51 51 51 51 51 51
48 48 48 48 0   0   0   0   48 48 51 51 51 51 49 49
49 49 49 49 0   0   0   0   0   0   0   0   53 53 53 53
51 51 51 51 51 51 51 51 0   0   51 51 51 51 53 53
54 54 54 54 54 54 54 54 0   0   51 51 51 51 51 51
48 48 48 48 0   0   0   0   48 48 48 48 49 49 48 48
48 48 48 48 0   0   0   0   0   0   0   0   0   0   0   0
0   0   0   0   0   0   0   0   0   0   0   0   0   0   41 41
46 46 46 46 46 46 46 46 0   0   0   0   0   0   0   0  
0   0   46 46 46 46 46 46 46 46 48 48 49 49 51 51 
53 53 53 53 53 53 53 53 0   0   0   0   51 51 51 51
48 48 48 48 48 48 48 48 0   0   48 48 46 46 44 44
46 46 46 46 0   0   0   0   0   0   46 46 46 46 46 46
44 44 44 44 0   0   0   0   0   0   44 44 44 44 46 46
48 48 48 48 49 49 46 46 0   0   0   0   46 46 46 46
44 44 44 44 0   0   0   0   48 48 48 48 48 48 48 48
48 48 46 46 46 46 46 46 0   0   0   0   53 53 53 53
51 51 51 51 51 51 51 51 0   0   51 51 51 51 53 53
54 54 54 54 54 54 54 54 0   0   49 49 49 49 49 49
48 48 48 48 0   0   48 48 48 48 51 51 51 51 49 49
49 49 49 49 0   0   0   0   0   0   0   0   53 53 53 53
51 51 51 51 51 51 51 51 0   0   51 51 51 51 53 53
54 54 54 54 54 54 54 54 0   0   49 49 49 49 49 49
48 48 48 48 0   0   0   0   0   0   0   0   0   0   0   0   
0   0   0   0   0   0   0   0   0   0   0   0   0   0   41 41
53 53 53 53 53 53 53 53 0   0   0   0   49 49 49 49
48 48 48 48 48 48 48 48 0   0   48 48 46 46 44 44
48 48 48 48 0   0   0   0   0   0   48 48 48 48 48 48
44 44 44 44 0   0   0   0   0   0   44 44 44 44 46 46
48 48 48 48 49 49 46 46 0   0   0   0   46 46 46 46 
44 44 44 44 0   0   0   0   48 48 48 48 48 48 48 48
48 48 46 46 46 46 46 46 0   0   0   0   53 53 53 53
51 51 51 51 51 51 51 51 0   0   51 51 51 51 53 53
54 54 54 54 54 54 54 54 0   0   51 51 51 51 51 51 
48 48 48 48 0   0   48 48 48 48 51 51 51 51 49 49
49 49 49 49 0   0   0   0   0   0   0   0   53 53 53 53
51 51 51 51 51 51 51 51 0   0   51 51 51 51 53 53
54 54 54 54 54 54 54 54 0   0   49 49 49 49 49 49
48 48 48 48 0   0   48 48 48 48 48 48 49 49 48 48
48 48 46 46 46 46 46 46 0   0   0   0   0   0   0   0




Amadd9 Amadd9 Amadd9 Amadd9

C C C C
Em7 Em7 Em7Em7
Amadd9 Amadd9 Amadd9 Amadd9
Em7 Em7 Em7Em7
Amadd9 Amadd9 Amadd9 Amadd9
G G G G
Amadd9 Amadd9 Amadd9 Amadd9
Dm7 Dm7 Dm7Dm7

G G G/B G/B
C C C C
Dm7 Dm7 Dm7Dm7

E7 E7 E7 E7 

Am Am Am Am 
Gadd9/A Gadd9/A Gadd9/A Gadd9/A
F F F F
E E E E
Dm7 Dm7 Dm7Dm7

Am Am Am Am 
G7 G7 G7/B G7/B
C C C C
Dm7 Dm7 Dm7Dm7

E7 E7 E7 E7 



