62 63 62 62 61 61 61 61 61 61 61 61 32 32 37 37
41 41 41 41 41 41 41 41 0   0   0   0   39 41 41 39
37 37 34 37 37 37 37 37 0   0   0   0   34 34 41 41
39 39 39 39 39 39 39 39 0   0   37 37 37 37 34 34
39 39 39 39 39 39 39 39 0   0   0   0   32 32 37 37
41 41 41 41 41 41 41 41 0   0   0   0   44 39 39 37
39 39 37 37 37 37 37 37 0   0   0   0   34 34 41 41
39 39 39 39 39 39 39 39 0   0   37 37 37 37 34 34
34 34 37 37 37 37 37 37 0   0   0   0   37 37 36 34
34 34 34 34 34 34 34 34 34 34 32 32 29 29 37 37
32 32 32 32 32 32 32 32 0   0   0   0   32 32 37 37
41 41 41 41 39 37 44 44 44 44 41 41 41 41 34 37
41 41 39 39 39 39 39 39 0   0   37 37 37 34 34 34
34 34 37 37 37 37 37 37 37 37 37 37 37 37 37 37
37 37 37 37 37 37 37 37 37 37 37 37 37 37 36 34
34 34 34 34 34 34 34 34 34 34 32 32 29 29 37 37
37 37 34 34 46 46 46 46 46 46 0   0   34 37 39 41
39 39 39 39 39 39 39 39 39 39 34 34 39 39 34 32
32 32 32 32 32 32 32 32 0   0   0   0   32 32 37 37
41 41 41 41 39 37 44 44 44 44 31 31 31 31 34 37
41 41 39 39 39 39 39 39 0   0   37 37 37 34 34 34
34 34 37 37 37 37 37 37 37 37 37 37 44 44 46 46




C C C C
Dm Dm Dm Dm 
F F F F
C C C C
C C C C
C C C C 
Am Am Am Am 
Dm Dm Dm Dm 
G G G G
C C C C
Am Am Am Am 
Dm Dm Dm Dm
G G G G
Am Am Am Am
Am Am Am Am 
Dm Dm Dm Dm
G G G G
C C C C
Dm Dm Dm Dm
G G G G
C C C C
Dm Dm G G
C C C C
C C C C
C C C C
Am Am Am Am
Am Am Am Am 
Dm Dm Dm Dm
G G G G
C C C C
Dm Dm G G
C C C C
