0   0   0   0   0   0   0   0   0   0   0   0   0   0   0   37
46 46 44 44 0   44 37 37 39 39 39 39 39 39 37 44
41 41 41 41 41 41 41 41   0   0   0   0   0   0   0   37
46 46 44 44 0   44 37 37 39 39 39 39 39 39 37 44
44 41 41 41 0   0   0   0   0   0   0   0   0   37 37 37
46 46 44 44 44 44 37 37 0   0   37 37 37 37 37 37
36 36 36 36 41 39 39 41 41 41 41 41 0   34 34 34
39 39 37 37 37 46 46 46 0   41 39 39 37 37 34 39
37 37 37 37 37 37 37 37 0   0   0   0   0   0   0   0  
0   0   0   0   0   0   0   0   0   0   0   0   0   0   37 39
39 41 41 41 39 39 41 41 0   0   41 41 44 41 41 39
46 37 37 37 0   0   0   0   0   0   0   0   0   34 34 34
39 39 39 37 39 37 39 37 39 39 39 39 39 39 37 37
34 34 34 34 0   0   0   0   0   0   0   0   0   37 37 39
39 41 41 39 39 39 39 39 0   0   0   44 44 41 41 39
39 41 41 41 41 41 41 41 0   0   0   0   0   34 34 34
39 39 39 39 0   0   0   0   0   41 41 41 41 39 37 34
34 37 37 37 0   0   0   0   0   0   0   0   0   34 34 34
46 46 44 44 44 44 41 37 37 39 39 39 0   36 37 36
36 41 41 44 44 41 39 39 41 41 41 41 0   34 34 34
39 39 39 37 39 39 39 39 0   0   0   44 46 44 44 41
44 41 41 41 0   0   0   0   0   0   0   0   0   0   0   34
41 41 41 42 42 42 42 42 41 39 39 39 41 39 39 37
41 41 41 41 44 44 44 41 41 41 41 41 0   0   34 34
41 39 39 39 0   0   0   0   0   34 37 34 41 39 39 37
37 37 37 37 37 37 37 37 37 37 37 37 0   0   34 34
41 39 39 39 0   0   0   0   0   34 37 34 41 39 39 37
37 37 37 37 37 37 37 37 37 37 37 37 0   0   0   0  




Fmaj7 Fmaj7 G G
Am Am Am Am 
Fmaj7 Fmaj7 G G
C C E E
Fmaj7 Fmaj7 G G
Em Em Am Am
Fmaj7 Fmaj7 G G
Am Am Am Am 
Fmaj7 Fmaj7 G G
Am Am Am Am 
Fmaj7 Fmaj7 G G
Am Am Am Am 
C C G G
Am Am G G
Fmaj7 Fmaj7 Fmaj7 Fmaj7
C C G G
C C G G
Am Am Am Am 
Fmaj7 Fmaj7 G G
Am Am Am Am 
Fmaj7 Fmaj7 G G
Em Em Am Am
Fmaj7 Fmaj7 G G
C C E E
Fmaj7 Fmaj7 G G
Em Em Am Am
Fmaj7 Fmaj7 G G
Am Am Am Am 
Fmaj7 Fmaj7 G G
Am Am Am Am 0