0   0   44 44 46 46 44 44 46 46 46 46 46 46 44 44
46 46 44 44 46 46 46 46 46 46 46 46 46 46 49 49
44 44 44 44 44 44 41 41 41 41 41 41 41 41 41 41
0   0   0   0   0   0   0   0   0   0   0   0   0   0   44 44
46 46 44 44 46 46 44 44 46 46 53 53 53 53 44 44
46 46 44 44 41 41 44 44 44 44 44 44 0   0   44 44
46 46 44 44 46 46 44 44 46 46 53 53 53 53 44 44
41 41 41 41 41 41 41 41 0   0   0   0   0   0   44 44
46 46 44 44 46 46 44 44 46 46 53 53 53 53 44 44
46 46 44 44 41 41 44 44 0   0   44 44 44 44 37 37
37 37 39 39 39 39 39 39 39 39 39 39 39 39 39 39
0   0   44 44 46 46 44 44 46 46 44 44 46 46 46 46
46 46 44 44 46 46 46 46 46 46 37 37 37 37 39 39
41 41 41 41 41 41 44 44 44 44 44 44 44 44 44 44
0   0   44 44 46 46 44 44 46 46 46 46 46 46 44 44
46 46 44 44 46 46 46 46 46 46 46 46 46 46 49 49
44 44 44 44 44 44 41 41 41 41 41 41 41 41 41 41
0   0   0   0   0   0   0   0   0   0   0   0   0   0   44 44
46 46 44 44 46 46 44 44 46 46 53 53 53 53 44 44
46 46 44 44 41 41 44 44 44 44 44 44 0   0   44 44
46 46 44 44 46 46 44 44 46 46 53 53 53 53 44 44
41 41 41 41 41 41 41 41 0   0   0   0   0   0   44 44
46 46 44 44 46 46 44 44 46 46 53 53 53 53 44 44
46 46 44 44 41 41 44 44 0   0   44 44 44 44 44 44
44 44 42 42 42 42 41 41 39 39 37 37 41 41 41 41
41 41 41 41 0   0   0   0   49 49 49 49 49 49 49 49
49 49 49 49 0   0   49 49 49 49 49 49 49 49 49 49
49 49 48 48 0   0   48 48 48 48 48 48 48 48 46 46
48 48 48 48 48 48 46 46 48 48 48 48 48 48 46 46
49 49 46 46 44 44 46 46 49 49 49 49 49 49 49 49
49 49 49 49 0   0   49 49 49 49 49 49 49 49 49 49 
49 49 48 48 0   0   48 48 48 48 48 48 48 48 46 46
48 48 48 48 48 48 46 46 48 48 48 48 48 48 46 46
49 49 46 46 44 44 46 46 49 49 49 49 49 49 49 49
49 49 49 49 0   0   49 49 49 49 49 49 49 49 49 49
49 49 48 48 0   0   48 48 48 48 46 46 46 46 46 46
49 49 46 46 44 44 46 46 44 44 46 46 46 46 46 46
53 53 46 46 44 44 46 46 49 49 49 49 49 49 49 49
49 49 49 49 0   0   49 49 49 49 49 49 49 49 49 49
49 49 48 48 0   0   48 48 48 48 46 46 46 46 46 46
48 48 48 48 48 48 46 46 48 48 48 48 48 48 46 46
51 51 49 49 49 49 51 51 51 51 53 53 49 49 49 49
46 46 46 46 46 46 46 46 46 46 46 46 46 46 46 46
41 41 41 41 41 41 41 41 41 41 41 41 0   0   0   0 
0   0   44 44 46 46 44 44 46 46 44 44 46 46 46 46
46 46 44 44 46 46 46 46 46 46 37 37 37 37 39 39
41 41 41 41 41 41 41 44 44 44 44 44 44 44 44 44
41 41 41 41 41 41 41 41 41 41 41 41 0   0   0   0 
49 49 49 49 49 49 49 49 49 49 49 49 49 49 49 49
41 41 41 41 41 41 41 41 41 41 41 41 0   0   0   0



Fmaj7 Fmaj7 Fmaj7 Fmaj7

Cmaj9 Cmaj9 Cmaj9 Cmaj9

Fmaj7 Fmaj7 Fmaj7 Fmaj7

Cmaj9 Cmaj9 Cmaj9 Cmaj9

Am7 Am7 Am7 Am7
Em7 Em7 Em7 Em7
Am7 Am7 Am7 Am7
Em7 Em7 Em7 Em7
Am7 Am7 Am7 Am7
Em7 Em7 Em7 Em7
Dm7 Dm7 Dm7 Dm7
E E E7 E7
Fmaj7 Fmaj7 Fmaj7 Fmaj7

Cmaj9 Cmaj9 Cmaj9 Cmaj9

Fmaj7 Fmaj7 Fmaj7 Fmaj7

Cmaj9 Cmaj9 Cmaj9 Cmaj9

Am7 Am7 Am7 Am7
Em7 Em7 Em7 Em7
Am7 Am7 Am7 Am7
Em7 Em7 Em7 Em7
Am7 Am7 Am7 Am7
Em7 Em7 Em7 Em7
Dm7 Dm7 Dm7 Dm7
E E E E
Fmaj7 Fmaj7 Fmaj7 Fmaj7
G G G G
D/C D/C D/C D/C
A/#C A/#C A/#C A/#C
D D D 
E7 E7 E7 E7
A A A A
A A Am Am
Fmaj7 Fmaj7 Fmaj7 Fmaj7
G G G G
D/C D/C D/C D/C
Gm7 Gm7 Gm7 Gm7
Fmaj7 Fmaj7 Fmaj7 Fmaj7
E7 E7 E7 E7
Fmaj7 Fmaj7 Fmaj7 Fmaj7

Cmaj7 Cmaj7 Cmaj7 Cmaj7

E7 E7 E7 E7


E7 E7 E7 E7


