37 37 37 37 37 37 37 37 37 37 37 37 0   0   39 41
44 44 44 44 44 44 46 46 44 44 44 44 0   0   46 48
49 49 49 49 49 49 49 49 49 49 48 48 46 44 44 46
46 46 46 46 46 46 46 46 46 46 46 46 46 46 44 44
44 44 44 44 44 44 44 44 41 39 37 37 41 41 42 42
41 41 39 39 39 39 41 39 39 39 39 39 41 41 39 39
39 39 37 37 37 37 37 37 37 37 37 37 39 39 37 37
37 37 37 37 37 37 37 37 37 37 37 37 41 41 39 39
37 37 37 37 37 37 37 37 37 37 37 37 0   0   46 48
49 49 49 49 49 49 49 49 48 48 46 46 44 44 44 44
44 44 44 44 41 41 39 39 37 37 37 37 37 37 37 37
0   0   49 49 49 49 49 49 51 51 51 51 49 39 39 53
53 53 53 53 53 53 53 53 53 53 53 51 49 49 49 49
0   0   49 49 49 49 49 51 51 51 51 51 0   0   44 44
53 53 53 53 51 51 51 51 49 49 49 49 49 49 49 49
0   0   49 49 49 49 49 51 51 51 51 51 51 49 48 49
49 49 49 49 49 49 49 49 49 49 49 49 49 49 49 49
0   0   0   0   46 46 46 46 48 48 46 46 48 48 49 49
49 49 49 49 49 49 49 49 51 51 49 49 51 51 53 53
53 53 53 53 53 53 53 53 51 51 51 51 51 51 53 53
49 49 49 49 49 49 49 49 49 49 49 49 0   0   46 48
49 49 49 49 49 49 49 49 48 48 46 46 44 44 44 44
44 44 44 44 41 41 39 39 37 37 37 37 37 37 37 37
0   0   49 49 49 49 49 51 51 51 51 51 49 51 51 53
53 53 53 53 53 53 53 53 53 53 53 51 49 49 49 49
0   0   49 49 49 49 49 51 51 51 51 51 0   0   44 44
53 53 53 53 51 51 51 51 49 49 49 49 49 49 49 49
0   0   49 49 49 49 49 51 51 51 51 51 51 49 48 49
49 49 49 49 49 49 49 49 49 49 49 49 49 49 49 49
49 49 49 49 49 49 49 49 49 49 49 49 0   0   46 48
49 49 49 49 49 49 49 49 49 49 49 49 49 49 49 49
49 49 49 49 49 49 49 49 49 49 49 49 49 49 49 49



C C C C
G G G G
Am Am Am Am
F F F F 
C C C C
G G G G
F F F F
C C C C
C C C C
F F G G 
C G/B Am Am
F F G G
C C C C
F F G G
C G/B Am Am
F F G G
C C C C
Am Am Am Am
F F F F 
C C G G 
C C C C
F F G G 
C G/B Am Am
F F G G
C C C C
F F G G
C G/B Am Am
F F G G
C C C C
C C C C
C C C C
C C C C