34 34 34 34 37 37 39 39 41 41 41 41 41 41 46 46
44 44 44 44 41 41 39 39 41 41 41 41 41 41 41 41
42 42 41 41 41 41 39 39 39 39 37 37 37 36 34 34
37 37 37 37 37 37 39 39 36 36 36 36 36 36 36 36
34 34 34 34 37 37 39 39 41 41 41 41 41 41 46 46
48 48 48 48 44 44 41 41 44 44 44 44 44 44 41 41
42 42 41 41 39 39 37 37 36 36 37 37 39 39 41 41
37 37 36 36 34 34 32 32 34 34 34 34 34 34 34 34
34 34 34 34 37 37 39 39 41 41 41 41 41 41 46 46
44 44 44 44 41 41 39 39 41 41 41 41 41 41 41 41
42 42 41 41 41 41 39 39 39 39 37 37 37 36 34 34
37 37 37 37 37 37 39 39 36 36 36 36 36 36 36 36
34 34 34 34 37 37 39 39 41 41 41 41 41 41 46 46
48 48 48 48 44 44 41 41 44 44 44 44 44 44 41 41
42 42 41 41 39 39 37 37 36 36 37 37 39 39 41 41
37 37 36 36 34 34 32 32 34 34 34 34 39 39 41 41
42 42 42 42 42 42 42 42 42 42 44 42 41 41 39 39
37 37 36 36 37 37 39 39 41 41 41 41 39 39 41 41
42 42 42 42 42 42 42 42 42 42 44 42 41 41 39 39
41 41 41 41 42 42 42 42 44 44 44 44 44 44 41 41
46 46 46 46 46 46 44 44 46 46 46 46 46 46 49 49
46 46 44 44 44 44 46 46 41 41 41 41 39 39 37 37
39 39 39 39 39 39 37 37 39 39 39 39 37 37 44 44
41 41 41 41 39 39 37 37 36 36 36 36 41 41 41 41 
46 46 46 46 46 46 44 44 46 46 46 46 44 44 49 49
46 46 44 44 44 44 46 46 41 41 41 41 39 39 37 37
39 39 39 39 37 37 44 44 41 41 41 41 39 39 37 37
39 39 41 39 37 37 36 36 34 34 34 34 34 34 34 34




Am Am Am Am 
C C C C
G G Am Am
Dm Dm F F
Am Am E E
Am Am C C
Em Em G G
Dm Dm F F
E E Am Am
Am Am C C
G G Am Am
Dm Dm F F
Am Am E E
Am Am C C
Em Em G G
Dm Dm F F
E E Am Am
Dm Dm G7 G7
E E Am Am
Dm Dm F F
Am Am E E
Am Am F F
Am Am C C
Dm Dm G7 G7
Am Am E E
Am Am F F
Am Am C C
Dm Dm G7 G7
E E Am Am