37 37 32 32 37 41 41 42 42 42 41 41 39 37 37 37
37 37 32 32 37 39 39 41 41 41 41 41 41 41 41 41
37 37 32 32 37 41 41 41 42 42 41 41 39 37 37 37
41 41 39 39 39 37 37 37 37 37 37 37 37 37 37 37
37 37 32 32 37 41 41 41 42 42 41 41 39 37 37 37
46 46 44 44 44 42 42 41 41 41 41 41 41 41 41 41
37 37 32 32 37 41 41 41 42 42 41 39 0   0   0   37
41 41 39 39 39 37 37 37 37 37 37 37 0   0   37 37
34 34 34 34 46 46 46 46 44 44 41 41 0   0   0   41
41 41 44 44 37 37 44 44 41 41 41 41 37 37 36 36
48 48 48 48 48 48 53 53 51 51 51 49 0   0   46 48
49 49 49 49 49 49 49 49 49 49 48 46 46 46 48 48 
46 46 44 44 44 44 44 44 44 44 44 44 0   0   46 48
49 49 49 49 49 49 49 49 48 48 48 48 0   0   46 48
48 48 48 48 48 48 53 53 48 48 48 0   0   0   46 48
49 49 49 49 49 49 53 53 51 51 51 51 48 48 48 46
46 46 46 46 46 46 46 46 46 46 46 46 0   0   46 48
46 46 46 46 46 46 46 46 46 46 46 46 46 46 46 46

C C F F
G G C C
C C F F 
G G C C 
C C F F 
G G C C 
C C F F 
G G C C 
Am Am Em Em
F F C C 
Em Em Am Am 
F F G G 
G G G G
Am Am G G 
Em Em Am Am
F F G G 
C C C C
Am Am G G
Em Em Am Am
F F G G
Am Am Am Am 
Am Am Am Am 

