37 37 37 37 34 34 37 37 41 41 39 39 39 39 37 37
41 41 41 41 32 32 36 36 34 34 34 34 37 37 36 36
34 34 34 34 37 37 39 39 41 41 32 32 32 32 32 32
32 32 32 32 29 29 44 44 41 41 41 41 41 41 39 39
34 34 34 34 37 37 41 41 39 39 39 39 39 39 37 37
41 41 41 41 32 32 36 36 34 34 34 34 37 37 36 36
34 34 34 34 41 41 41 41 37 37 39 39 0   0   37 37
41 41 41 41 39 39 41 41
34 34 34 34 34 34 34 34 34 34 34 34 41 41 44 44
46 46 46 46 41 41 46 46 44 44 44 44 0   0   44 44
46 46 44 44 41 41 39 39 41 41 41 41 41 41 39 39
37 37 34 34 37 37 41 41 39 39 39 39 0   0   41 41
44 44 44 44 44 44 37 37 39 39 39 39 41 41 44 44
46 46 46 46 41 41 46 46 44 44 44 44 0   0   44 44
46 46 44 44 44 44 46 46 41 41 41 41 41 41 39 39
37 37 34 34 37 37 39 39 41 41 32 32 32 32 29 29
32 32 32 32 32 32 36 36
46 46 46 46 46 46 46 46 46 46 46 46 46 46 46 46
0   0   0   0   0   0   0   0   0   0   0   0   41 41 44 44
46 46 46 46 41 41 46 46 44 44 44 44 0   0   44 44
46 46 44 44 44 44 46 46 41 41 41 41 41 41 39 39
37 37 34 34 37 37 39 39 41 41 32 32 32 32 32 32
32 32 32 32 32 32 32 32 0   0   0   0   29 29 36 36
34 34 34 34 34 34 34 34 34 34 34 34 34 34 34 34




Fmaj7 Fmaj7 G6 G6
Em Em Am Am
Fmaj7 Fmaj7 G6 G6
Em Em Am Am
Fmaj7 Fmaj7 G6 G6
Em Em Am Am
Fmaj7 Fmaj7 G6 G6
Em Em Asus2 Asus2
Fmaj7 Fmaj7 G6 G6
Em Em Am Am
Fmaj7 Fmaj7 G6 G6
Fmaj7 Fmaj7 G6 G6
Fmaj7 Fmaj7 G6 G6
Em Em Am Am
Fmaj7 Fmaj7 G6 G6
Em Em Asus2 Asus2
Asus2 Asus2 Asus2 Asus2
Fmaj7 Fmaj7 G6 G6
Em Em Am Am
Fmaj7 Fmaj7 G6 G6
Em Em Em Em
Asus2 Asus2 Asus2 Asus2