0   0   37 48 37 37 36 37 37 37 37 37 37 37 37 39
41 41 39 41 41 44 44 41 39 39 39 39 39 39 39 39
0   0   46 44 46 46 44 46 46 44 44 44 44 44 44 41
44 41 41 41 41 41 41 41 41 41 41 41 41 41 41 41
0   0   37 36 37 37 36 37 37 37 37 37 37 37 37 39
41 41 39 41 41 44 44 41 39 39 39 39 39 39 39 39
0   0   46 44 46 46 44 46 46 44 44 44 0   0   44 42
42 44 44 41 41 41 41 41 41 41 41 41 41 41 41 41
0   0   48 49 49 49 48 49 49 49 49 49 49 49 49 49
49 49 44 44 44 44 41 44 44 44 44 44 44 44 37 36
37 37 37 37 37 37 37 36 37 37 37 37 37 37 41 44
46 46 44 44 44 44 41 44 44 44 44 44 44 44 44 49
56 56 56 56 49 49 46 49 49 49 49 49 49 49 49 44 
44 44 53 53 53 53 51 51 51 51 51 51 51 51 51 49
56 56 56 56 49 49 46 49 49 49 49 49 49 49 49 44
44 44 53 53 53 53 51 51 51 51 51 51 51 51 51 49
56 56 56 56 49 49 46 49 49 49 49 49 49 49 49 44
44 44 53 53 53 53 51 51 51 51 51 51 51 51 51 48
49 49 49 49 49 49 49 49 49 49 49 49 0   0   0   49
53 53 53 53 53 51 51 51 51 51 51 51 0   0   0   0
53 53 53 53 53 51 51 51 51 51 51 51 0   0   0   49
53 53 53 53 53 51 51 51 51 51 51 51 0   0   0   0





Am Am F F
C C G G
Am Am F F
C C G G
Am Am F F
C C G G
Am Am F F
C C G G
Am Am F F
C C G G
Am Am F F
C C G G
Am Am F F
C C G G
Am Am F F
C C G G
Am Am F F
C C G G
Am Am F F
C C G G
C C G G
C C G G