44 44 44 44 44 44 44 44 44 44 46 46 44 44 42 42
41 41 46 46 48 48 49 49 48 44 44 44 0   0   44 44
46 46 37 37 37 37 39 39 41 44 44 44 0   0   44 44
42 42 42 44 41 39 37 37 39 39 39 39 0   0   0   0 
44 44 44 44 44 44 44 44 44 44 46 46 44 44 42 42
41 41 46 46 48 48 49 49 48 44 44 44 0   0   44 44
46 46 37 37 37 37 39 39 41 44 44 44 0   0   44 44
42 42 42 44 41 39 37 37 37 37 37 37 37 37 37 37
46 46 48 49 49 49 51 51 53 53 48 48 48 48 44 44
46 46 53 53 53 53 49 49 49 49 49 49 49 49 48 48
46 46 48 49 49 49 51 51 53 53 48 48 48 48 44 44
46 46 53 53 53 53 49 49 49 49 49 49 0   0   0   0
53 53 53 53 0   0   0   0   0   0   0   0   0   0   0   0 
0   0   0   0   0   0   0   0   0   0   0   0   0   0   53 53
56 56 56 56 56 56 56 56 56 56 48 48 48 48 44 44
56 56 56 56 56 56 56 58 56 56 49 49 49 49 49 51
53 53 51 54 54 54 53 53 53 53 51 54 54 54 53 53
53 53 51 54 54 54 53 53 53 53 51 51 49 49 48 48
49 49 49 49 0   0   0   0   0   0   0   0   0   0   0   0  
49 49 51 49 49 49 49 49 0   0   0   0   0   0   0   0
0   0   0   0   0   0   0   0   0   0   0   0   49 49 48 48
46 46 48 49 49 49 51 51 53 53 49 49 49 49 44 44
46 46 53 53 53 53 49 49 49 49 49 49 49 49 48 48
46 46 48 49 49 49 51 51 53 53 49 49 49 49 49 49
46 46 53 51 53 51 49 49 49 49 49 49 0   0   0   0
49 49 49 49 0   0   0   0   0   0   0   0   0   0   0   0
0   0   0   0   0   0   0   0   0   0   0   0   0   0   49 49
53 53 51 54 54 54 53 53 51 53 51 51 48 48 49 51
51 51 51 51 49 53 53 53 53 53 53 53 0   0   49 49
49 49 49 49 0   0   0   0   0   0   0   0   0   0   49 51
53 53 51 54 54 54 53 53 53 53 51 51 49 49 48 48


C C G G
Am Am Em Em
F F C C
Dm7 Dm7 G G
C C G G
Am Am Em Em
F F C C
Dm7 Dm7 G G
C C C C
Am Am Em Em
F F G G
C C C C
Am Am Em Em
F F G C
C C G C
G G G G
F F G G
Em Em Am Am 
Dm7 Dm7 C C
F F G G
F F G G
Em Em Am Am
Dm7 Dm7 G G
C C Fm Fm 
C C Fm Fm 
C C Fm Fm 
C C Fm Fm 
C C G G
Am Am Em Em
F F C C
Dm7 Dm7 G G
C C G G
Am Am Em Em
F F G G
Dm7 Dm7 C C
Am Am Em Em
F F G C
Am Am Em Em
F F G C
C C G C
G G G G
Dm7 Dm7 G G
C C A A 
C C E E 
Dm7 Dm7 G G
C C Fm Fm 


