32 32 34 34 37 37 39 39 41 41 39 39 39 39 37 37
34 34 34 34 34 34 34 34 34 34 34 34 0   0   0   0
32 32 34 34 37 37 39 39 41 41 44 44 44 44 39 39
39 39 39 39 39 39 39 39 39 39 39 39 0   0   0   0
0   0   39 39 39 39 32 32 39 39 39 39 41 41 39 39
37 37 37 37 37 37 37 37 37 37 37 37 0   0   0   0
0   0   39 39 39 39 39 39 32 32 34 34 37 37 34 34 
34 34 34 34 34 34 34 34 34 34 34 34 0   0   0   0
0   0   42 42 42 42 42 42 41 41 39 39 37 37 39 39
39 39 39 39 39 39 39 39 39 39 39 39 0   0   0   0
0   0   42 42 42 42 46 46 44 44 42 42 41 41 39 39
39 39 39 39 39 39 39 39 39 39 39 39 0   0   0   0
0   0   39 39 39 39 32 32 39 39 39 39 41 41 39 39
37 37 37 37 37 37 37 37 37 37 37 37 0   0   0   0
0   0   39 39 39 39 39 39 32 32 34 34 37 37 34 34
34 34 34 34 34 34 34 34 34 34 34 34 0   0   0   0
0   0   44 44 44 44 44 44 44 44 44 44 44 44 46 46
46 46 46 46 46 46 46 46 46 46 46 46 0   0   0   0
0   0   46 46 46 46 46 46 49 49 46 46 46 46 44 44
44 44 44 44 44 44 44 44 44 44 44 44 0   0   0   0
0   0   44 44 44 44 44 44 44 44 46 46 49 49 46 46
44 44 44 44 44 44 44 44 44 44 44 44 44 44 46 46
53 53 53 53 53 53 53 53 53 53 53 53 53 53 53 53
51 51 51 51 51 51 51 51 51 51 51 51 51 51 51 51




C C C C
F F F F
C C C C
G G G G
G G G G
Am Am Am Am
G G G G
F F F F
Dm Dm Dm Dm
G G G G
Dm Dm Dm Dm
G G G G
G G G G
Am Am Am Am
G G G G
F F F F
C C C C
F F F F
F F F F
C C C C
C C C C
F F F F 
C C C C
G G G G



