   44 41 41 41 39 39 41 41 41 41 41 0   36 36 32
36 36 36 36 36 37 37 32 32 32 32 32 32 32 32 32
0   0   32 41 41 41 41 41 41 41 41 41 44 44 37 37
39 39 39 39 39 39 39 39 0   0   0   0   0   0   0   0  
0   0   42 42 42 42 42 46 46 44 44 46 46 44 44 44
0   0   39 39 39 39 39 44 42 42 44 42 42 41 41 41
0   0   39 41 42 34 34 34 37 37 37 37 37 41 41 39
39 39 39 39 39 39 39 39 0   0   0   0   0   0   0   0 
0   0   39 41 42 34 34 34 36 36 36 36 36 39 39 37
37 37 37 37 37 37 37 37 0   0   0   0   0   0   42 44
46 46 46 46 46 46 49 49 48 48 46 44 0   0   41 42
44 44 44 44 44 48 48 48 48 46 46 46 0   0   39 41
42 41 42 41 41 42 42 42 0   39 39 39 46 46 44 46
46 46 46 41 41 41 41 41 41 41 41 41 0   0   42 44
46 46 46 46 46 46 49 49 48 48 46 44 0   0   41 42
44 44 44 44 44 44 44 48 48 46 46 46 0   0   39 41
42 41 41 42 42 36 36 36 36 36 36 36 36 36 39 39
37 37 37 37 37 37 37 37 0   0   0   0   0   0   0   0




C C C C
Em Em Em Em 
Am Am Am Am 
Dm Dm G G
F F G G
Em Em Am Am 
Dm Dm Dm Dm 
G7 G7 G7 G7
Dm7 Dm7 G G
C C C7 C7
Dm Dm G G
Em Em A A
Dm Dm G G
C C C7 C7
Dm Dm G G
C C C7 C7
Dm Dm G G
Em Em A A
Dm Dm G G
C C C C