0   0   0   0   0   0   46 46 46 46 48 48 49 49 46 46
53 53 53 53 53 53 53 53 53 53 53 53 53 53 53 53
0   0   0   0   0   0   51 51 51 51 53 53 53 53 51 51
49 49 44 44 46 46 46 46 46 46 46 46 46 46 46 46
0   0   0   0   0   0   44 44 44 44 46 46 46 46 44 44
49 49 49 49 49 49 49 49 49 49 49 49 49 49 49 49
49 49 51 51 51 51 49 49 51 51 49 49 51 51 49 49
49 49 44 44 46 46 46 46 46 46 46 46 46 46 46 46
0   0   0   0   0   0   46 46 46 46 48 48 49 49 46 46
53 53 53 53 53 53 53 53 53 53 53 53 53 53 53 53
0   0   0   0   0   0   51 51 51 51 53 53 53 53 51 51
49 49 44 44 46 46 46 46 46 46 46 46 46 46 46 46
0   0   0   0   0   0   44 44 44 44 46 46 46 46 44 44
49 49 49 49 49 49 49 49 49 49 49 49 49 49 49 49
49 49 51 51 51 51 49 49 51 51 49 49 51 51 49 49
49 49 44 44 46 46 46 46 46 46 46 46 46 46 46 46
0   0   0   0   0   0   0   0   49 49 49 49 51 51 51 51
53 53 53 53 53 53 53 53 53 53 53 53 53 53 56 56
58 58 56 56 56 56 51 51 0   0   51 51 53 53 56 56
58 58 58 58 58 58 58 58 58 58 56 56 56 56 51 51
53 53 53 53 53 53 53 53 51 51 53 53 56 56 53 53 
46 46 46 46 46 46 46 46 46 46 49 49 49 49 46 46
44 44 44 44 44 44 44 44 44 44 41 41 41 41 44 44
44 44 46 46 46 46 46 46 46 46 46 46 46 46 46 46
0   0   0   0   0   0   0   0   49 49 49 49 51 51 51 51
46 46 46 46 46 46 46 46 46 46 46 46 46 46 46 46



Am Am Am Am 
C C C C
G G G G
Am Am Am G/B
Em Em Em Em 
F F F F
G G G G
Am Am Am Am 
Am Am Am Am 
C C C C
G G G G
Am Am Am Am 
Em Em Em Em 
F F F F
G G G G
Am Am Am Am 
Am Am Am Am 
C C C C
G G G  G
Am Am Am Am 
Am Am Am Am 
Em Em Em Em 
F F F F
G G G G
Am Am Am Am 
Am Am G/B G/B
Am Am Am Am 
